{
 "cells": [
  {
   "cell_type": "markdown",
   "metadata": {},
   "source": [
    "## World Happiness Prediction\n",
    "\n",
    "Project ini bertujuan untuk memprediksi Tingkat kebahagiaan setiap negara Berdasarkan dataset yang diperoleh dari Kaggle. Metode yang digunakan untuk memprediksi adalah Supervised Learning (Linear Regression Methodh). Dataset terdiri dari tiga file dan masing-masing memiliki perbedaan yang tidak terlalu banyak. \n",
    "\n",
    "Tahapan yang dikerjakan di antaranya: \n",
    "- Data Preparation  \n",
    "- Data Integration \n",
    "- Data Analysis (Statistik Deskriptif dan Analisa Korelasi)\n",
    "- Data Visualization\n",
    "- Model Building"
   ]
  },
  {
   "cell_type": "code",
   "execution_count": 1,
   "metadata": {},
   "outputs": [
    {
     "data": {
      "text/html": [
       "<script type=\"text/javascript\">window.PlotlyConfig = {MathJaxConfig: 'local'};</script><script type=\"text/javascript\">if (window.MathJax) {MathJax.Hub.Config({SVG: {font: \"STIX-Web\"}});}</script><script>requirejs.config({paths: { 'plotly': ['https://cdn.plot.ly/plotly-latest.min']},});if(!window._Plotly) {require(['plotly'],function(plotly) {window._Plotly=plotly;});}</script>"
      ],
      "text/vnd.plotly.v1+html": [
       "<script type=\"text/javascript\">window.PlotlyConfig = {MathJaxConfig: 'local'};</script><script type=\"text/javascript\">if (window.MathJax) {MathJax.Hub.Config({SVG: {font: \"STIX-Web\"}});}</script><script>requirejs.config({paths: { 'plotly': ['https://cdn.plot.ly/plotly-latest.min']},});if(!window._Plotly) {require(['plotly'],function(plotly) {window._Plotly=plotly;});}</script>"
      ]
     },
     "metadata": {},
     "output_type": "display_data"
    }
   ],
   "source": [
    "# Import Librraries\n",
    "import pandas as pd \n",
    "import numpy as np \n",
    "import os \n",
    "import statsmodels.formula.api as stats\n",
    "from statsmodels.formula.api import ols\n",
    "import seaborn as sns \n",
    "import matplotlib.pyplot as plt \n",
    "%matplotlib inline\n",
    "import sklearn \n",
    "from sklearn import linear_model, datasets\n",
    "from sklearn.metrics import mean_squared_error  \n",
    "import plotly.plotly as py \n",
    "import plotly.graph_objs as go  \n",
    "from plotly import __version__\n",
    "from plotly.offline import download_plotlyjs, init_notebook_mode, plot, iplot\n",
    "init_notebook_mode(connected = True)"
   ]
  },
  {
   "cell_type": "markdown",
   "metadata": {},
   "source": [
    "## Data Preparation\n",
    "Pada tahap ini dilakukan proses import data csv ke dalam DataFrame menggunakan librari Pandas. Kemudian dilakukan proses pengecekan terhadap data apakah terdapat missing values, outlier dll. Karena jumlah data nya ada 3 file maka diperlukan standar kolom yang sama untuk setiap dataset, dan column yang tidak termasuk standar perlu dihapus. \n",
    "\n",
    "Standar Columnm : ['Country', 'Happiness_Rank', 'Happiness_Score', 'Economy', 'Family',\n",
    "       'Health', 'Freedom', 'Trust', 'Generosity', 'Dystopia_Residual']"
   ]
  },
  {
   "cell_type": "code",
   "execution_count": 4,
   "metadata": {},
   "outputs": [],
   "source": [
    "# Dataset 2015 \n",
    "data_happiness2015 = pd.read_csv('2015.csv')\n",
    "data_happiness2015.head()\n",
    "column2015 = ['Region', 'Standard Error']\n",
    "# delete column will not use\n",
    "new_happiness2015 = data_happiness2015.drop(column2015, axis = 1)\n",
    "new_happiness2015.columns = ['Country', 'Happiness_Rank', 'Happiness_Score', 'Economy', 'Family',\n",
    "       'Health', 'Freedom', 'Trust', 'Generosity', 'Dystopia_Residual']"
   ]
  },
  {
   "cell_type": "code",
   "execution_count": 5,
   "metadata": {},
   "outputs": [],
   "source": [
    "# Dataset 2016\n",
    "data_happiness2016 = pd.read_csv('2016.csv')\n",
    "columns2016 = ['Region','Lower Confidence Interval', 'Upper Confidence Interval']\n",
    "new_happiness2016 = data_happiness2016.drop(columns2016, axis =1)\n",
    "new_happiness2016.head()\n",
    "new_happiness2016.columns = ['Country', 'Happiness_Rank', 'Happiness_Score', 'Economy', 'Family',\n",
    "       'Health', 'Freedom', 'Trust', 'Generosity', 'Dystopia_Residual']"
   ]
  },
  {
   "cell_type": "code",
   "execution_count": 6,
   "metadata": {},
   "outputs": [],
   "source": [
    "# Dataset 2017 \n",
    "data_happiness2017 = pd.read_csv('2017.csv')\n",
    "columns2017 = ['Whisker.high', 'Whisker.low']\n",
    "new_happiness2017 = data_happiness2017.drop(columns2017, axis = 1)\n",
    "new_happiness2017.columns = ['Country', 'Happiness_Rank', 'Happiness_Score', 'Economy', 'Family',\n",
    "       'Health', 'Freedom', 'Trust', 'Generosity', 'Dystopia_Residual']"
   ]
  },
  {
   "cell_type": "markdown",
   "metadata": {},
   "source": [
    "## Data Integrasi Data\n",
    "Setelah setiap dataset memiliki column yang sama, setelah itu dilakukan proses integrasi dataset dengan fungsi concat pada pandas, dan hasilnya disimpan ke dalam format .csv"
   ]
  },
  {
   "cell_type": "code",
   "execution_count": 7,
   "metadata": {},
   "outputs": [
    {
     "data": {
      "text/html": [
       "<div>\n",
       "<style scoped>\n",
       "    .dataframe tbody tr th:only-of-type {\n",
       "        vertical-align: middle;\n",
       "    }\n",
       "\n",
       "    .dataframe tbody tr th {\n",
       "        vertical-align: top;\n",
       "    }\n",
       "\n",
       "    .dataframe thead th {\n",
       "        text-align: right;\n",
       "    }\n",
       "</style>\n",
       "<table border=\"1\" class=\"dataframe\">\n",
       "  <thead>\n",
       "    <tr style=\"text-align: right;\">\n",
       "      <th></th>\n",
       "      <th>Country</th>\n",
       "      <th>Happiness_Rank</th>\n",
       "      <th>Happiness_Score</th>\n",
       "      <th>Economy</th>\n",
       "      <th>Family</th>\n",
       "      <th>Health</th>\n",
       "      <th>Freedom</th>\n",
       "      <th>Trust</th>\n",
       "      <th>Generosity</th>\n",
       "      <th>Dystopia_Residual</th>\n",
       "    </tr>\n",
       "  </thead>\n",
       "  <tbody>\n",
       "    <tr>\n",
       "      <th>0</th>\n",
       "      <td>Switzerland</td>\n",
       "      <td>1</td>\n",
       "      <td>7.587</td>\n",
       "      <td>1.39651</td>\n",
       "      <td>1.34951</td>\n",
       "      <td>0.94143</td>\n",
       "      <td>0.66557</td>\n",
       "      <td>0.41978</td>\n",
       "      <td>0.29678</td>\n",
       "      <td>2.51738</td>\n",
       "    </tr>\n",
       "    <tr>\n",
       "      <th>1</th>\n",
       "      <td>Iceland</td>\n",
       "      <td>2</td>\n",
       "      <td>7.561</td>\n",
       "      <td>1.30232</td>\n",
       "      <td>1.40223</td>\n",
       "      <td>0.94784</td>\n",
       "      <td>0.62877</td>\n",
       "      <td>0.14145</td>\n",
       "      <td>0.43630</td>\n",
       "      <td>2.70201</td>\n",
       "    </tr>\n",
       "    <tr>\n",
       "      <th>2</th>\n",
       "      <td>Denmark</td>\n",
       "      <td>3</td>\n",
       "      <td>7.527</td>\n",
       "      <td>1.32548</td>\n",
       "      <td>1.36058</td>\n",
       "      <td>0.87464</td>\n",
       "      <td>0.64938</td>\n",
       "      <td>0.48357</td>\n",
       "      <td>0.34139</td>\n",
       "      <td>2.49204</td>\n",
       "    </tr>\n",
       "    <tr>\n",
       "      <th>3</th>\n",
       "      <td>Norway</td>\n",
       "      <td>4</td>\n",
       "      <td>7.522</td>\n",
       "      <td>1.45900</td>\n",
       "      <td>1.33095</td>\n",
       "      <td>0.88521</td>\n",
       "      <td>0.66973</td>\n",
       "      <td>0.36503</td>\n",
       "      <td>0.34699</td>\n",
       "      <td>2.46531</td>\n",
       "    </tr>\n",
       "    <tr>\n",
       "      <th>4</th>\n",
       "      <td>Canada</td>\n",
       "      <td>5</td>\n",
       "      <td>7.427</td>\n",
       "      <td>1.32629</td>\n",
       "      <td>1.32261</td>\n",
       "      <td>0.90563</td>\n",
       "      <td>0.63297</td>\n",
       "      <td>0.32957</td>\n",
       "      <td>0.45811</td>\n",
       "      <td>2.45176</td>\n",
       "    </tr>\n",
       "  </tbody>\n",
       "</table>\n",
       "</div>"
      ],
      "text/plain": [
       "       Country  Happiness_Rank  Happiness_Score  Economy   Family   Health  \\\n",
       "0  Switzerland               1            7.587  1.39651  1.34951  0.94143   \n",
       "1      Iceland               2            7.561  1.30232  1.40223  0.94784   \n",
       "2      Denmark               3            7.527  1.32548  1.36058  0.87464   \n",
       "3       Norway               4            7.522  1.45900  1.33095  0.88521   \n",
       "4       Canada               5            7.427  1.32629  1.32261  0.90563   \n",
       "\n",
       "   Freedom    Trust  Generosity  Dystopia_Residual  \n",
       "0  0.66557  0.41978     0.29678            2.51738  \n",
       "1  0.62877  0.14145     0.43630            2.70201  \n",
       "2  0.64938  0.48357     0.34139            2.49204  \n",
       "3  0.66973  0.36503     0.34699            2.46531  \n",
       "4  0.63297  0.32957     0.45811            2.45176  "
      ]
     },
     "execution_count": 7,
     "metadata": {},
     "output_type": "execute_result"
    }
   ],
   "source": [
    "# Menggabungkan data Happiness tersebut menjadi satu. \n",
    "join = [new_happiness2015, new_happiness2016, new_happiness2017]\n",
    "happiness = pd.concat(join)\n",
    "happiness.to_csv('Happinees-World.csv', encoding = 'utf-8')\n",
    "happiness.head()"
   ]
  },
  {
   "cell_type": "markdown",
   "metadata": {},
   "source": [
    "## Data Analysis"
   ]
  },
  {
   "cell_type": "code",
   "execution_count": 8,
   "metadata": {},
   "outputs": [
    {
     "data": {
      "text/plain": [
       "Country              470\n",
       "Happiness_Rank       470\n",
       "Happiness_Score      470\n",
       "Economy              470\n",
       "Family               470\n",
       "Health               470\n",
       "Freedom              470\n",
       "Trust                470\n",
       "Generosity           470\n",
       "Dystopia_Residual    470\n",
       "dtype: int64"
      ]
     },
     "execution_count": 8,
     "metadata": {},
     "output_type": "execute_result"
    }
   ],
   "source": [
    "#Jumlah Data\n",
    "happiness.count()"
   ]
  },
  {
   "cell_type": "code",
   "execution_count": 12,
   "metadata": {},
   "outputs": [
    {
     "data": {
      "text/html": [
       "<div>\n",
       "<style scoped>\n",
       "    .dataframe tbody tr th:only-of-type {\n",
       "        vertical-align: middle;\n",
       "    }\n",
       "\n",
       "    .dataframe tbody tr th {\n",
       "        vertical-align: top;\n",
       "    }\n",
       "\n",
       "    .dataframe thead th {\n",
       "        text-align: right;\n",
       "    }\n",
       "</style>\n",
       "<table border=\"1\" class=\"dataframe\">\n",
       "  <thead>\n",
       "    <tr style=\"text-align: right;\">\n",
       "      <th></th>\n",
       "      <th>Happiness_Rank</th>\n",
       "      <th>Happiness_Score</th>\n",
       "      <th>Economy</th>\n",
       "      <th>Family</th>\n",
       "      <th>Health</th>\n",
       "      <th>Freedom</th>\n",
       "      <th>Trust</th>\n",
       "      <th>Generosity</th>\n",
       "      <th>Dystopia_Residual</th>\n",
       "    </tr>\n",
       "  </thead>\n",
       "  <tbody>\n",
       "    <tr>\n",
       "      <th>count</th>\n",
       "      <td>470.000000</td>\n",
       "      <td>470.000000</td>\n",
       "      <td>470.000000</td>\n",
       "      <td>470.000000</td>\n",
       "      <td>470.000000</td>\n",
       "      <td>470.000000</td>\n",
       "      <td>470.000000</td>\n",
       "      <td>470.000000</td>\n",
       "      <td>470.000000</td>\n",
       "    </tr>\n",
       "    <tr>\n",
       "      <th>mean</th>\n",
       "      <td>78.829787</td>\n",
       "      <td>5.370728</td>\n",
       "      <td>0.927830</td>\n",
       "      <td>0.990347</td>\n",
       "      <td>0.579968</td>\n",
       "      <td>0.402828</td>\n",
       "      <td>0.175605</td>\n",
       "      <td>0.201426</td>\n",
       "      <td>2.092717</td>\n",
       "    </tr>\n",
       "    <tr>\n",
       "      <th>std</th>\n",
       "      <td>45.281408</td>\n",
       "      <td>1.136998</td>\n",
       "      <td>0.415584</td>\n",
       "      <td>0.318707</td>\n",
       "      <td>0.240161</td>\n",
       "      <td>0.150356</td>\n",
       "      <td>0.131909</td>\n",
       "      <td>0.133211</td>\n",
       "      <td>0.565772</td>\n",
       "    </tr>\n",
       "    <tr>\n",
       "      <th>min</th>\n",
       "      <td>1.000000</td>\n",
       "      <td>2.693000</td>\n",
       "      <td>0.000000</td>\n",
       "      <td>0.000000</td>\n",
       "      <td>0.000000</td>\n",
       "      <td>0.000000</td>\n",
       "      <td>0.000000</td>\n",
       "      <td>0.000000</td>\n",
       "      <td>0.328580</td>\n",
       "    </tr>\n",
       "    <tr>\n",
       "      <th>25%</th>\n",
       "      <td>40.000000</td>\n",
       "      <td>4.509000</td>\n",
       "      <td>0.605292</td>\n",
       "      <td>0.793000</td>\n",
       "      <td>0.402301</td>\n",
       "      <td>0.297615</td>\n",
       "      <td>0.075792</td>\n",
       "      <td>0.098303</td>\n",
       "      <td>1.737975</td>\n",
       "    </tr>\n",
       "    <tr>\n",
       "      <th>50%</th>\n",
       "      <td>79.000000</td>\n",
       "      <td>5.282500</td>\n",
       "      <td>0.995439</td>\n",
       "      <td>1.025665</td>\n",
       "      <td>0.630053</td>\n",
       "      <td>0.418347</td>\n",
       "      <td>0.139081</td>\n",
       "      <td>0.181624</td>\n",
       "      <td>2.094640</td>\n",
       "    </tr>\n",
       "    <tr>\n",
       "      <th>75%</th>\n",
       "      <td>118.000000</td>\n",
       "      <td>6.233750</td>\n",
       "      <td>1.252443</td>\n",
       "      <td>1.228745</td>\n",
       "      <td>0.768298</td>\n",
       "      <td>0.516850</td>\n",
       "      <td>0.249839</td>\n",
       "      <td>0.275505</td>\n",
       "      <td>2.455575</td>\n",
       "    </tr>\n",
       "    <tr>\n",
       "      <th>max</th>\n",
       "      <td>158.000000</td>\n",
       "      <td>7.587000</td>\n",
       "      <td>1.870766</td>\n",
       "      <td>1.610574</td>\n",
       "      <td>1.025250</td>\n",
       "      <td>0.669730</td>\n",
       "      <td>0.838075</td>\n",
       "      <td>0.819710</td>\n",
       "      <td>3.837720</td>\n",
       "    </tr>\n",
       "  </tbody>\n",
       "</table>\n",
       "</div>"
      ],
      "text/plain": [
       "       Happiness_Rank  Happiness_Score     Economy      Family      Health  \\\n",
       "count      470.000000       470.000000  470.000000  470.000000  470.000000   \n",
       "mean        78.829787         5.370728    0.927830    0.990347    0.579968   \n",
       "std         45.281408         1.136998    0.415584    0.318707    0.240161   \n",
       "min          1.000000         2.693000    0.000000    0.000000    0.000000   \n",
       "25%         40.000000         4.509000    0.605292    0.793000    0.402301   \n",
       "50%         79.000000         5.282500    0.995439    1.025665    0.630053   \n",
       "75%        118.000000         6.233750    1.252443    1.228745    0.768298   \n",
       "max        158.000000         7.587000    1.870766    1.610574    1.025250   \n",
       "\n",
       "          Freedom       Trust  Generosity  Dystopia_Residual  \n",
       "count  470.000000  470.000000  470.000000         470.000000  \n",
       "mean     0.402828    0.175605    0.201426           2.092717  \n",
       "std      0.150356    0.131909    0.133211           0.565772  \n",
       "min      0.000000    0.000000    0.000000           0.328580  \n",
       "25%      0.297615    0.075792    0.098303           1.737975  \n",
       "50%      0.418347    0.139081    0.181624           2.094640  \n",
       "75%      0.516850    0.249839    0.275505           2.455575  \n",
       "max      0.669730    0.838075    0.819710           3.837720  "
      ]
     },
     "execution_count": 12,
     "metadata": {},
     "output_type": "execute_result"
    }
   ],
   "source": [
    "# Statistik Deskriptif\n",
    "happiness.describe()"
   ]
  },
  {
   "cell_type": "code",
   "execution_count": 13,
   "metadata": {},
   "outputs": [
    {
     "data": {
      "text/html": [
       "<div>\n",
       "<style scoped>\n",
       "    .dataframe tbody tr th:only-of-type {\n",
       "        vertical-align: middle;\n",
       "    }\n",
       "\n",
       "    .dataframe tbody tr th {\n",
       "        vertical-align: top;\n",
       "    }\n",
       "\n",
       "    .dataframe thead th {\n",
       "        text-align: right;\n",
       "    }\n",
       "</style>\n",
       "<table border=\"1\" class=\"dataframe\">\n",
       "  <thead>\n",
       "    <tr style=\"text-align: right;\">\n",
       "      <th></th>\n",
       "      <th>Happiness_Rank</th>\n",
       "      <th>Happiness_Score</th>\n",
       "      <th>Economy</th>\n",
       "      <th>Family</th>\n",
       "      <th>Health</th>\n",
       "      <th>Freedom</th>\n",
       "      <th>Trust</th>\n",
       "      <th>Generosity</th>\n",
       "      <th>Dystopia_Residual</th>\n",
       "    </tr>\n",
       "  </thead>\n",
       "  <tbody>\n",
       "    <tr>\n",
       "      <th>Happiness_Rank</th>\n",
       "      <td>1.000000</td>\n",
       "      <td>-0.993268</td>\n",
       "      <td>-0.790551</td>\n",
       "      <td>-0.637627</td>\n",
       "      <td>-0.750146</td>\n",
       "      <td>-0.547627</td>\n",
       "      <td>-0.272334</td>\n",
       "      <td>-0.195844</td>\n",
       "      <td>-0.482706</td>\n",
       "    </tr>\n",
       "    <tr>\n",
       "      <th>Happiness_Score</th>\n",
       "      <td>-0.993268</td>\n",
       "      <td>1.000000</td>\n",
       "      <td>0.785450</td>\n",
       "      <td>0.636532</td>\n",
       "      <td>0.748040</td>\n",
       "      <td>0.560353</td>\n",
       "      <td>0.282130</td>\n",
       "      <td>0.221684</td>\n",
       "      <td>0.489747</td>\n",
       "    </tr>\n",
       "    <tr>\n",
       "      <th>Economy</th>\n",
       "      <td>-0.790551</td>\n",
       "      <td>0.785450</td>\n",
       "      <td>1.000000</td>\n",
       "      <td>0.585449</td>\n",
       "      <td>0.792224</td>\n",
       "      <td>0.344962</td>\n",
       "      <td>0.200855</td>\n",
       "      <td>0.039413</td>\n",
       "      <td>0.030087</td>\n",
       "    </tr>\n",
       "    <tr>\n",
       "      <th>Family</th>\n",
       "      <td>-0.637627</td>\n",
       "      <td>0.636532</td>\n",
       "      <td>0.585449</td>\n",
       "      <td>1.000000</td>\n",
       "      <td>0.486383</td>\n",
       "      <td>0.425377</td>\n",
       "      <td>0.289768</td>\n",
       "      <td>-0.083528</td>\n",
       "      <td>-0.081537</td>\n",
       "    </tr>\n",
       "    <tr>\n",
       "      <th>Health</th>\n",
       "      <td>-0.750146</td>\n",
       "      <td>0.748040</td>\n",
       "      <td>0.792224</td>\n",
       "      <td>0.486383</td>\n",
       "      <td>1.000000</td>\n",
       "      <td>0.359566</td>\n",
       "      <td>0.135961</td>\n",
       "      <td>0.161436</td>\n",
       "      <td>0.057674</td>\n",
       "    </tr>\n",
       "    <tr>\n",
       "      <th>Freedom</th>\n",
       "      <td>-0.547627</td>\n",
       "      <td>0.560353</td>\n",
       "      <td>0.344962</td>\n",
       "      <td>0.425377</td>\n",
       "      <td>0.359566</td>\n",
       "      <td>1.000000</td>\n",
       "      <td>0.405894</td>\n",
       "      <td>0.346951</td>\n",
       "      <td>0.038422</td>\n",
       "    </tr>\n",
       "    <tr>\n",
       "      <th>Trust</th>\n",
       "      <td>-0.272334</td>\n",
       "      <td>0.282130</td>\n",
       "      <td>0.200855</td>\n",
       "      <td>0.289768</td>\n",
       "      <td>0.135961</td>\n",
       "      <td>0.405894</td>\n",
       "      <td>1.000000</td>\n",
       "      <td>0.084390</td>\n",
       "      <td>-0.162386</td>\n",
       "    </tr>\n",
       "    <tr>\n",
       "      <th>Generosity</th>\n",
       "      <td>-0.195844</td>\n",
       "      <td>0.221684</td>\n",
       "      <td>0.039413</td>\n",
       "      <td>-0.083528</td>\n",
       "      <td>0.161436</td>\n",
       "      <td>0.346951</td>\n",
       "      <td>0.084390</td>\n",
       "      <td>1.000000</td>\n",
       "      <td>0.047765</td>\n",
       "    </tr>\n",
       "    <tr>\n",
       "      <th>Dystopia_Residual</th>\n",
       "      <td>-0.482706</td>\n",
       "      <td>0.489747</td>\n",
       "      <td>0.030087</td>\n",
       "      <td>-0.081537</td>\n",
       "      <td>0.057674</td>\n",
       "      <td>0.038422</td>\n",
       "      <td>-0.162386</td>\n",
       "      <td>0.047765</td>\n",
       "      <td>1.000000</td>\n",
       "    </tr>\n",
       "  </tbody>\n",
       "</table>\n",
       "</div>"
      ],
      "text/plain": [
       "                   Happiness_Rank  Happiness_Score   Economy    Family  \\\n",
       "Happiness_Rank           1.000000        -0.993268 -0.790551 -0.637627   \n",
       "Happiness_Score         -0.993268         1.000000  0.785450  0.636532   \n",
       "Economy                 -0.790551         0.785450  1.000000  0.585449   \n",
       "Family                  -0.637627         0.636532  0.585449  1.000000   \n",
       "Health                  -0.750146         0.748040  0.792224  0.486383   \n",
       "Freedom                 -0.547627         0.560353  0.344962  0.425377   \n",
       "Trust                   -0.272334         0.282130  0.200855  0.289768   \n",
       "Generosity              -0.195844         0.221684  0.039413 -0.083528   \n",
       "Dystopia_Residual       -0.482706         0.489747  0.030087 -0.081537   \n",
       "\n",
       "                     Health   Freedom     Trust  Generosity  Dystopia_Residual  \n",
       "Happiness_Rank    -0.750146 -0.547627 -0.272334   -0.195844          -0.482706  \n",
       "Happiness_Score    0.748040  0.560353  0.282130    0.221684           0.489747  \n",
       "Economy            0.792224  0.344962  0.200855    0.039413           0.030087  \n",
       "Family             0.486383  0.425377  0.289768   -0.083528          -0.081537  \n",
       "Health             1.000000  0.359566  0.135961    0.161436           0.057674  \n",
       "Freedom            0.359566  1.000000  0.405894    0.346951           0.038422  \n",
       "Trust              0.135961  0.405894  1.000000    0.084390          -0.162386  \n",
       "Generosity         0.161436  0.346951  0.084390    1.000000           0.047765  \n",
       "Dystopia_Residual  0.057674  0.038422 -0.162386    0.047765           1.000000  "
      ]
     },
     "execution_count": 13,
     "metadata": {},
     "output_type": "execute_result"
    }
   ],
   "source": [
    "# Analisa Korelasi masing-masing Variable\n",
    "happiness.corr()"
   ]
  },
  {
   "cell_type": "code",
   "execution_count": 9,
   "metadata": {},
   "outputs": [
    {
     "data": {
      "text/html": [
       "<div>\n",
       "<style scoped>\n",
       "    .dataframe tbody tr th:only-of-type {\n",
       "        vertical-align: middle;\n",
       "    }\n",
       "\n",
       "    .dataframe tbody tr th {\n",
       "        vertical-align: top;\n",
       "    }\n",
       "\n",
       "    .dataframe thead th {\n",
       "        text-align: right;\n",
       "    }\n",
       "</style>\n",
       "<table border=\"1\" class=\"dataframe\">\n",
       "  <thead>\n",
       "    <tr style=\"text-align: right;\">\n",
       "      <th></th>\n",
       "      <th>Happiness_Rank</th>\n",
       "      <th>Happiness_Score</th>\n",
       "      <th>Economy</th>\n",
       "      <th>Family</th>\n",
       "      <th>Health</th>\n",
       "      <th>Freedom</th>\n",
       "      <th>Trust</th>\n",
       "      <th>Generosity</th>\n",
       "      <th>Dystopia_Residual</th>\n",
       "    </tr>\n",
       "  </thead>\n",
       "  <tbody>\n",
       "    <tr>\n",
       "      <th>Happiness_Rank</th>\n",
       "      <td>1.00</td>\n",
       "      <td>-0.99</td>\n",
       "      <td>-0.79</td>\n",
       "      <td>-0.64</td>\n",
       "      <td>-0.75</td>\n",
       "      <td>-0.55</td>\n",
       "      <td>-0.27</td>\n",
       "      <td>-0.20</td>\n",
       "      <td>-0.48</td>\n",
       "    </tr>\n",
       "    <tr>\n",
       "      <th>Happiness_Score</th>\n",
       "      <td>-0.99</td>\n",
       "      <td>1.00</td>\n",
       "      <td>0.79</td>\n",
       "      <td>0.64</td>\n",
       "      <td>0.75</td>\n",
       "      <td>0.56</td>\n",
       "      <td>0.28</td>\n",
       "      <td>0.22</td>\n",
       "      <td>0.49</td>\n",
       "    </tr>\n",
       "    <tr>\n",
       "      <th>Economy</th>\n",
       "      <td>-0.79</td>\n",
       "      <td>0.79</td>\n",
       "      <td>1.00</td>\n",
       "      <td>0.59</td>\n",
       "      <td>0.79</td>\n",
       "      <td>0.34</td>\n",
       "      <td>0.20</td>\n",
       "      <td>0.04</td>\n",
       "      <td>0.03</td>\n",
       "    </tr>\n",
       "    <tr>\n",
       "      <th>Family</th>\n",
       "      <td>-0.64</td>\n",
       "      <td>0.64</td>\n",
       "      <td>0.59</td>\n",
       "      <td>1.00</td>\n",
       "      <td>0.49</td>\n",
       "      <td>0.43</td>\n",
       "      <td>0.29</td>\n",
       "      <td>-0.08</td>\n",
       "      <td>-0.08</td>\n",
       "    </tr>\n",
       "    <tr>\n",
       "      <th>Health</th>\n",
       "      <td>-0.75</td>\n",
       "      <td>0.75</td>\n",
       "      <td>0.79</td>\n",
       "      <td>0.49</td>\n",
       "      <td>1.00</td>\n",
       "      <td>0.36</td>\n",
       "      <td>0.14</td>\n",
       "      <td>0.16</td>\n",
       "      <td>0.06</td>\n",
       "    </tr>\n",
       "    <tr>\n",
       "      <th>Freedom</th>\n",
       "      <td>-0.55</td>\n",
       "      <td>0.56</td>\n",
       "      <td>0.34</td>\n",
       "      <td>0.43</td>\n",
       "      <td>0.36</td>\n",
       "      <td>1.00</td>\n",
       "      <td>0.41</td>\n",
       "      <td>0.35</td>\n",
       "      <td>0.04</td>\n",
       "    </tr>\n",
       "    <tr>\n",
       "      <th>Trust</th>\n",
       "      <td>-0.27</td>\n",
       "      <td>0.28</td>\n",
       "      <td>0.20</td>\n",
       "      <td>0.29</td>\n",
       "      <td>0.14</td>\n",
       "      <td>0.41</td>\n",
       "      <td>1.00</td>\n",
       "      <td>0.08</td>\n",
       "      <td>-0.16</td>\n",
       "    </tr>\n",
       "    <tr>\n",
       "      <th>Generosity</th>\n",
       "      <td>-0.20</td>\n",
       "      <td>0.22</td>\n",
       "      <td>0.04</td>\n",
       "      <td>-0.08</td>\n",
       "      <td>0.16</td>\n",
       "      <td>0.35</td>\n",
       "      <td>0.08</td>\n",
       "      <td>1.00</td>\n",
       "      <td>0.05</td>\n",
       "    </tr>\n",
       "    <tr>\n",
       "      <th>Dystopia_Residual</th>\n",
       "      <td>-0.48</td>\n",
       "      <td>0.49</td>\n",
       "      <td>0.03</td>\n",
       "      <td>-0.08</td>\n",
       "      <td>0.06</td>\n",
       "      <td>0.04</td>\n",
       "      <td>-0.16</td>\n",
       "      <td>0.05</td>\n",
       "      <td>1.00</td>\n",
       "    </tr>\n",
       "  </tbody>\n",
       "</table>\n",
       "</div>"
      ],
      "text/plain": [
       "                   Happiness_Rank  Happiness_Score  Economy  Family  Health  \\\n",
       "Happiness_Rank               1.00            -0.99    -0.79   -0.64   -0.75   \n",
       "Happiness_Score             -0.99             1.00     0.79    0.64    0.75   \n",
       "Economy                     -0.79             0.79     1.00    0.59    0.79   \n",
       "Family                      -0.64             0.64     0.59    1.00    0.49   \n",
       "Health                      -0.75             0.75     0.79    0.49    1.00   \n",
       "Freedom                     -0.55             0.56     0.34    0.43    0.36   \n",
       "Trust                       -0.27             0.28     0.20    0.29    0.14   \n",
       "Generosity                  -0.20             0.22     0.04   -0.08    0.16   \n",
       "Dystopia_Residual           -0.48             0.49     0.03   -0.08    0.06   \n",
       "\n",
       "                   Freedom  Trust  Generosity  Dystopia_Residual  \n",
       "Happiness_Rank       -0.55  -0.27       -0.20              -0.48  \n",
       "Happiness_Score       0.56   0.28        0.22               0.49  \n",
       "Economy               0.34   0.20        0.04               0.03  \n",
       "Family                0.43   0.29       -0.08              -0.08  \n",
       "Health                0.36   0.14        0.16               0.06  \n",
       "Freedom               1.00   0.41        0.35               0.04  \n",
       "Trust                 0.41   1.00        0.08              -0.16  \n",
       "Generosity            0.35   0.08        1.00               0.05  \n",
       "Dystopia_Residual     0.04  -0.16        0.05               1.00  "
      ]
     },
     "execution_count": 9,
     "metadata": {},
     "output_type": "execute_result"
    }
   ],
   "source": [
    "round(happiness.corr(),2)"
   ]
  },
  {
   "cell_type": "code",
   "execution_count": 14,
   "metadata": {},
   "outputs": [],
   "source": [
    "new_happiness = happiness.drop('Happiness_Rank', axis = 1)"
   ]
  },
  {
   "cell_type": "code",
   "execution_count": 19,
   "metadata": {
    "scrolled": false
   },
   "outputs": [
    {
     "data": {
      "application/vnd.plotly.v1+json": {
       "config": {
        "linkText": "Export to plot.ly",
        "plotlyServerURL": "https://plot.ly",
        "showLink": true
       },
       "data": [
        {
         "type": "heatmap",
         "uid": "1f8269a2-51c0-41cf-86de-ade7eefeb0cd",
         "x": [
          "Happiness_Score",
          "Economy",
          "Family",
          "Health",
          "Freedom",
          "Trust",
          "Generosity",
          "Dystopia_Residual"
         ],
         "y": [
          "Happiness_Score",
          "Economy",
          "Family",
          "Health",
          "Freedom",
          "Trust",
          "Generosity",
          "Dystopia_Residual"
         ],
         "z": [
          [
           1,
           0.7854496399427382,
           0.636531961986146,
           0.7480403740939182,
           0.560353389320401,
           0.28212964742160856,
           0.22168363407340347,
           0.48974718458294075
          ],
          [
           0.7854496399427382,
           1,
           0.5854490123446177,
           0.7922240199865865,
           0.344962484284104,
           0.20085506542106762,
           0.039413128820078344,
           0.03008687606926851
          ],
          [
           0.636531961986146,
           0.5854490123446177,
           1,
           0.48638270923840043,
           0.4253766930595946,
           0.2897677566457824,
           -0.08352760138852543,
           -0.0815373070341381
          ],
          [
           0.7480403740939182,
           0.7922240199865865,
           0.48638270923840043,
           1,
           0.35956601188310844,
           0.1359607748367211,
           0.1614355055528198,
           0.05767427613088654
          ],
          [
           0.560353389320401,
           0.344962484284104,
           0.4253766930595946,
           0.35956601188310844,
           1,
           0.4058935264489431,
           0.3469511594843402,
           0.03842202742622353
          ],
          [
           0.28212964742160856,
           0.20085506542106762,
           0.2897677566457824,
           0.1359607748367211,
           0.4058935264489431,
           1,
           0.08438993621417645,
           -0.16238639546132322
          ],
          [
           0.22168363407340347,
           0.039413128820078344,
           -0.08352760138852543,
           0.1614355055528198,
           0.3469511594843402,
           0.08438993621417645,
           1,
           0.0477654415850884
          ],
          [
           0.48974718458294075,
           0.03008687606926851,
           -0.0815373070341381,
           0.05767427613088654,
           0.03842202742622353,
           -0.16238639546132322,
           0.0477654415850884,
           1
          ]
         ]
        }
       ],
       "layout": {}
      },
      "text/html": [
       "<div id=\"02bf346e-e1f6-42d0-a0ce-c953877f5352\" style=\"height: 525px; width: 100%;\" class=\"plotly-graph-div\"></div><script type=\"text/javascript\">require([\"plotly\"], function(Plotly) { window.PLOTLYENV=window.PLOTLYENV || {};window.PLOTLYENV.BASE_URL=\"https://plot.ly\";Plotly.newPlot(\"02bf346e-e1f6-42d0-a0ce-c953877f5352\", [{\"x\": [\"Happiness_Score\", \"Economy\", \"Family\", \"Health\", \"Freedom\", \"Trust\", \"Generosity\", \"Dystopia_Residual\"], \"y\": [\"Happiness_Score\", \"Economy\", \"Family\", \"Health\", \"Freedom\", \"Trust\", \"Generosity\", \"Dystopia_Residual\"], \"z\": [[1.0, 0.7854496399427382, 0.636531961986146, 0.7480403740939182, 0.560353389320401, 0.28212964742160856, 0.22168363407340347, 0.48974718458294075], [0.7854496399427382, 1.0, 0.5854490123446177, 0.7922240199865865, 0.344962484284104, 0.20085506542106762, 0.039413128820078344, 0.03008687606926851], [0.636531961986146, 0.5854490123446177, 1.0, 0.48638270923840043, 0.4253766930595946, 0.2897677566457824, -0.08352760138852543, -0.0815373070341381], [0.7480403740939182, 0.7922240199865865, 0.48638270923840043, 1.0, 0.35956601188310844, 0.1359607748367211, 0.1614355055528198, 0.05767427613088654], [0.560353389320401, 0.344962484284104, 0.4253766930595946, 0.35956601188310844, 1.0, 0.4058935264489431, 0.3469511594843402, 0.03842202742622353], [0.28212964742160856, 0.20085506542106762, 0.2897677566457824, 0.1359607748367211, 0.4058935264489431, 1.0, 0.08438993621417645, -0.16238639546132322], [0.22168363407340347, 0.039413128820078344, -0.08352760138852543, 0.1614355055528198, 0.3469511594843402, 0.08438993621417645, 1.0, 0.0477654415850884], [0.48974718458294075, 0.03008687606926851, -0.0815373070341381, 0.05767427613088654, 0.03842202742622353, -0.16238639546132322, 0.0477654415850884, 1.0]], \"type\": \"heatmap\", \"uid\": \"5804252a-cfa8-4eda-bff4-738f087ec2de\"}], {}, {\"showLink\": true, \"linkText\": \"Export to plot.ly\", \"plotlyServerURL\": \"https://plot.ly\"})});</script><script type=\"text/javascript\">window.addEventListener(\"resize\", function(){window._Plotly.Plots.resize(document.getElementById(\"02bf346e-e1f6-42d0-a0ce-c953877f5352\"));});</script>"
      ],
      "text/vnd.plotly.v1+html": [
       "<div id=\"02bf346e-e1f6-42d0-a0ce-c953877f5352\" style=\"height: 525px; width: 100%;\" class=\"plotly-graph-div\"></div><script type=\"text/javascript\">require([\"plotly\"], function(Plotly) { window.PLOTLYENV=window.PLOTLYENV || {};window.PLOTLYENV.BASE_URL=\"https://plot.ly\";Plotly.newPlot(\"02bf346e-e1f6-42d0-a0ce-c953877f5352\", [{\"x\": [\"Happiness_Score\", \"Economy\", \"Family\", \"Health\", \"Freedom\", \"Trust\", \"Generosity\", \"Dystopia_Residual\"], \"y\": [\"Happiness_Score\", \"Economy\", \"Family\", \"Health\", \"Freedom\", \"Trust\", \"Generosity\", \"Dystopia_Residual\"], \"z\": [[1.0, 0.7854496399427382, 0.636531961986146, 0.7480403740939182, 0.560353389320401, 0.28212964742160856, 0.22168363407340347, 0.48974718458294075], [0.7854496399427382, 1.0, 0.5854490123446177, 0.7922240199865865, 0.344962484284104, 0.20085506542106762, 0.039413128820078344, 0.03008687606926851], [0.636531961986146, 0.5854490123446177, 1.0, 0.48638270923840043, 0.4253766930595946, 0.2897677566457824, -0.08352760138852543, -0.0815373070341381], [0.7480403740939182, 0.7922240199865865, 0.48638270923840043, 1.0, 0.35956601188310844, 0.1359607748367211, 0.1614355055528198, 0.05767427613088654], [0.560353389320401, 0.344962484284104, 0.4253766930595946, 0.35956601188310844, 1.0, 0.4058935264489431, 0.3469511594843402, 0.03842202742622353], [0.28212964742160856, 0.20085506542106762, 0.2897677566457824, 0.1359607748367211, 0.4058935264489431, 1.0, 0.08438993621417645, -0.16238639546132322], [0.22168363407340347, 0.039413128820078344, -0.08352760138852543, 0.1614355055528198, 0.3469511594843402, 0.08438993621417645, 1.0, 0.0477654415850884], [0.48974718458294075, 0.03008687606926851, -0.0815373070341381, 0.05767427613088654, 0.03842202742622353, -0.16238639546132322, 0.0477654415850884, 1.0]], \"type\": \"heatmap\", \"uid\": \"5804252a-cfa8-4eda-bff4-738f087ec2de\"}], {}, {\"showLink\": true, \"linkText\": \"Export to plot.ly\", \"plotlyServerURL\": \"https://plot.ly\"})});</script><script type=\"text/javascript\">window.addEventListener(\"resize\", function(){window._Plotly.Plots.resize(document.getElementById(\"02bf346e-e1f6-42d0-a0ce-c953877f5352\"));});</script>"
      ]
     },
     "metadata": {},
     "output_type": "display_data"
    }
   ],
   "source": [
    "# Heatmap Correlation \n",
    "corr_matrix = new_happiness.corr()\n",
    "trace_core_happy = go.Heatmap(z=np.array(corr_matrix), x=corr_matrix.columns, y=corr_matrix.columns)\n",
    "data_happy = [trace_core_happy]\n",
    "iplot(data_happy)"
   ]
  },
  {
   "cell_type": "markdown",
   "metadata": {},
   "source": [
    "## Visualisasi \n",
    "Visualisasi di bawah ini, merupakan score kebahagiaan setiap negara. Semakin warna nya gelap semakin bahagia negara tersebut dan jika warna nya semakin terang keadaan nya sebaliknya. Berdasarkan visualisasi di bawah negara yang palin bahagaia berada di benua Eropa, Amerika dan Autralia. Sedangkan negara yang memiliki skor kebahagiaan terendah terdapat di Benua Afrika seperti Tanzania, Yaman, dan Sudan. "
   ]
  },
  {
   "cell_type": "code",
   "execution_count": 15,
   "metadata": {},
   "outputs": [
    {
     "data": {
      "application/vnd.plotly.v1+json": {
       "config": {
        "linkText": "Export to plot.ly",
        "plotlyServerURL": "https://plot.ly",
        "showLink": true
       },
       "data": [
        {
         "colorscale": "Viridis",
         "locationmode": "country names",
         "locations": [
          "Switzerland",
          "Iceland",
          "Denmark",
          "Norway",
          "Canada",
          "Finland",
          "Netherlands",
          "Sweden",
          "New Zealand",
          "Australia",
          "Israel",
          "Costa Rica",
          "Austria",
          "Mexico",
          "United States",
          "Brazil",
          "Luxembourg",
          "Ireland",
          "Belgium",
          "United Arab Emirates",
          "United Kingdom",
          "Oman",
          "Venezuela",
          "Singapore",
          "Panama",
          "Germany",
          "Chile",
          "Qatar",
          "France",
          "Argentina",
          "Czech Republic",
          "Uruguay",
          "Colombia",
          "Thailand",
          "Saudi Arabia",
          "Spain",
          "Malta",
          "Taiwan",
          "Kuwait",
          "Suriname",
          "Trinidad and Tobago",
          "El Salvador",
          "Guatemala",
          "Uzbekistan",
          "Slovakia",
          "Japan",
          "South Korea",
          "Ecuador",
          "Bahrain",
          "Italy",
          "Bolivia",
          "Moldova",
          "Paraguay",
